
Recall scores of classifiaction with 0.66 training and 0.33 test
[0.3741907639188606, 0.3777103209019948, 0.3678870754300838, 0.36963979416809606, 0.38613861386138615]
Mean : 0.3751133136560843
Min : 0.3678870754300838
Max : 0.38613861386138615

Precision scores of classifiaction with 0.66 training and 0.33 test
[0.7195020746887967, 0.7222222222222222, 0.7043918918918919, 0.6830427892234548, 0.7216411906677394]
Mean : 0.710160033738821
Min : 0.6830427892234548
Max : 0.7222222222222222

F1 scores of classifiaction with 0.66 training and 0.33 test
[0.49233390119250425, 0.4960136674259681, 0.48333816285134745, 0.4796883695047301, 0.5030846887268648]
Mean : 0.49089175794028295
Min : 0.4796883695047301
Max : 0.5030846887268648
