
Recall scores of classifiaction with 0.66 training and 0.33 test
[0.40051791109192925, 0.40806591500433653, 0.39523599470666076, 0.40051457975986277, 0.4283254412397762]
Mean : 0.40653196836051314
Min : 0.39523599470666076
Max : 0.4283254412397762

Precision scores of classifiaction with 0.66 training and 0.33 test
[0.571076923076923, 0.5955696202531645, 0.5788113695090439, 0.5779702970297029, 0.5929678188319428]
Mean : 0.5832792057401555
Min : 0.571076923076923
Max : 0.5955696202531645

F1 scores of classifiaction with 0.66 training and 0.33 test
[0.4708269913749366, 0.4843026248069995, 0.4697247706422018, 0.4731509625126646, 0.49737565608597845]
Mean : 0.4790762010845562
Min : 0.4697247706422018
Max : 0.49737565608597845
