Recall scores of classifiaction with 0.66 training and 0.33 test
[0.8526315789473684, 0.875, 0.7961165048543689, 0.9523809523809523, 0.9120879120879121, 0.8977272727272727, 0.8588235294117647, 0.8823529411764706, 0.8928571428571429, 0.7582417582417582]
Mean : 0.867821959268501
Min : 0.7582417582417582
Max : 0.9523809523809523
Precision scores of classifiaction with 0.66 training and 0.33 test
[0.8901098901098901, 0.9210526315789473, 0.9213483146067416, 0.9090909090909091, 0.9222222222222223, 0.9186046511627907, 0.8588235294117647, 0.9036144578313253, 0.8823529411764706, 0.9452054794520548]
Mean : 0.9072425026643117
Min : 0.8588235294117647
Max : 0.9452054794520548
Accuracy scores of classifiaction with 0.66 training and 0.33 test
[0.8787878787878788, 0.9191919191919192, 0.8585858585858586, 0.9393939393939394, 0.9242424242424242, 0.9191919191919192, 0.8787878787878788, 0.9090909090909091, 0.9040404040404041, 0.8686868686868687]
Mean : 0.9
Min : 0.8585858585858586
Max : 0.9393939393939394
