Recall scores of classifiaction with 0.66 training and 0.33 test
[1.0, 1.0, 0.3333333333333333, 0.0, 1.0, 0.75, 1.0, 0.5, 0.0, 1.0]
Mean : 0.6583333333333334
Min : 0.0
Max : 1.0
Precision scores of classifiaction with 0.66 training and 0.33 test
[0.6666666666666666, 0.3333333333333333, 1.0, 0.0, 0.6666666666666666, 1.0, 1.0, 1.0, 0.0, 1.0]
Mean : 0.6666666666666666
Min : 0.0
Max : 1.0
Accuracy scores of classifiaction with 0.66 training and 0.33 test
[0.8333333333333334, 0.6666666666666666, 0.6666666666666666, 0.8333333333333334, 0.8333333333333334, 0.8333333333333334, 1.0, 0.8333333333333334, 0.5, 1.0]
Mean : 0.8
Min : 0.5
Max : 1.0
